16
4 0 0 14 0 0 0 16 0 3 7 13 0 12 5 0
0 15 0 0 0 0 0 0 0 0 11 10 0 0 7 0
0 0 2 3 0 0 0 0 0 12 4 0 0 0 1 16
16 8 0 0 0 0 0 0 0 0 0 6 14 10 13 0
0 0 6 2 13 0 0 0 0 0 5 3 0 0 12 0
7 1 14 13 3 0 10 12 0 0 6 2 4 5 16 0
0 9 0 16 0 2 0 0 15 0 0 0 0 11 0 7
15 3 11 0 5 1 0 0 0 7 0 14 0 2 0 6
0 0 0 0 2 16 8 0 0 11 0 0 7 4 0 9
0 0 1 0 0 0 12 11 2 0 8 7 0 13 10 3
0 12 0 8 0 0 0 13 3 0 0 0 0 16 0 0
9 2 4 0 7 6 3 0 10 0 0 0 0 8 11 12
0 10 16 0 12 4 14 3 0 2 0 0 0 0 9 0
0 0 0 0 0 8 0 0 0 5 3 0 0 14 4 0
0 5 15 0 10 0 0 9 0 14 0 0 11 7 0 0
2 14 8 0 0 0 5 0 0 0 1 0 0 0 0 0