16
0 15 0 0 3 4 0 0 0 0 13 0 0 0 0 9
0 0 6 10 0 0 15 14 0 0 11 0 0 12 0 8
4 13 5 2 6 0 9 0 0 15 0 0 0 0 1 0
0 14 9 0 16 7 0 0 5 0 0 2 0 0 4 0
10 0 0 0 7 0 0 0 0 0 0 0 0 0 0 0
14 0 0 9 0 16 0 6 0 0 0 8 0 4 2 0
16 0 0 0 0 0 0 15 13 0 12 6 0 0 3 0
3 0 0 0 5 0 0 0 16 14 0 15 0 0 0 0
0 0 0 1 15 0 0 0 0 0 0 13 0 0 0 12
0 0 0 0 2 5 7 10 8 0 0 12 0 0 13 11
6 2 0 0 0 0 1 0 11 16 0 0 0 3 0 4
0 4 0 11 13 0 0 8 0 0 10 0 14 0 0 2
0 0 15 5 0 0 2 3 0 0 0 0 0 0 0 0
0 3 0 8 0 0 16 0 0 4 0 0 0 15 9 0
12 0 0 14 0 0 0 0 2 0 15 0 6 11 0 3
0 0 4 0 11 0 5 0 0 0 0 10 0 7 0 13