16
15 0 5 0 0 14 0 0 0 0 13 2 0 0 0 16
0 7 0 16 12 0 0 0 14 0 0 0 0 15 8 0
0 0 12 4 0 0 0 7 0 0 8 0 0 10 0 9
0 10 0 0 0 8 0 16 0 6 7 0 1 0 0 0
7 0 0 0 1 0 13 0 0 14 11 12 5 0 0 0
0 0 0 8 4 0 0 0 0 0 0 9 12 0 0 14
5 0 15 2 0 0 0 0 0 0 0 0 9 0 0 11
0 14 0 0 2 5 0 9 0 0 0 0 0 4 0 7
0 0 0 12 16 9 11 13 0 0 0 0 2 0 0 15
0 1 16 7 0 0 0 0 0 0 0 6 4 0 3 10
0 0 0 0 0 12 0 0 0 1 10 0 0 16 14 13
0 0 13 0 0 0 4 0 2 5 0 3 7 0 0 0
0 3 0 0 5 13 0 0 0 0 0 11 14 0 0 0
0 13 0 0 0 0 15 0 1 12 0 0 0 0 0 0
2 0 11 0 0 3 12 0 9 0 0 0 0 0 0 0
1 0 8 0 0 16 0 0 7 2 6 0 10 0 11 0