16
0 0 4 0 0 0 0 8 0 1 9 15 0 0 14 16
0 12 0 0 9 0 0 5 2 0 7 0 0 13 8 0
0 0 0 16 15 2 0 0 0 0 0 0 3 10 0 11
15 0 0 14 0 0 6 0 0 0 0 0 0 0 0 12
11 0 0 0 0 0 14 0 8 6 0 3 0 0 9 0
0 2 0 0 0 0 0 1 0 0 0 0 0 0 16 0
0 0 16 0 4 0 9 0 0 11 0 0 10 1 12 5
0 0 0 8 11 13 0 2 0 15 0 10 0 14 0 0
12 14 0 0 0 3 0 0 0 0 0 0 0 0 7 4
7 0 9 0 8 6 16 0 15 0 12 13 0 2 0 0
0 3 2 6 0 0 1 10 0 0 8 0 0 0 0 0
0 0 10 0 0 0 4 13 0 9 1 0 0 0 3 0
0 5 0 0 0 0 0 0 7 0 0 0 8 0 15 0
0 0 14 0 3 0 0 0 9 12 15 11 13 0 0 0
0 0 13 11 0 0 0 0 0 0 5 14 0 9 0 2
3 0 7 0 0 0 0 0 0 0 0 4 5 6 0 0
