our-earlier
{{0,0,4,0,0,0,0,8,0,1,9,15,0,0,14,16},
{0,12,0,0,9,0,0,5,2,0,7,0,0,13,8,0},
{0,0,0,16,15,2,0,0,0,0,0,0,3,10,0,11},
{15,0,0,14,0,0,6,0,0,0,0,0,0,0,0,12},
{11,0,0,0,0,0,14,0,8,6,0,3,0,0,9,0},
{0,2,0,0,0,0,0,1,0,0,0,0,0,0,16,0},
{0,0,16,0,4,0,9,0,0,11,0,0,10,1,12,5},
{0,0,0,8,11,13,0,2,0,15,0,10,0,14,0,0},
{12,14,0,0,0,3,0,0,0,0,0,0,0,0,7,4},
{7,0,9,0,8,6,16,0,15,0,12,13,0,2,0,0},
{0,3,2,6,0,0,1,10,0,0,8,0,0,0,0,0},
{0,0,10,0,0,0,4,13,0,9,1,0,0,0,3,0},
{0,5,0,0,0,0,0,0,7,0,0,0,8,0,15,0},
{0,0,14,0,3,0,0,0,9,12,15,11,13,0,0,0},
{0,0,13,11,0,0,0,0,0,0,5,14,0,9,0,2},
{3,0,7,0,0,0,0,0,0,0,0,4,5,6,0,0}};

soln-our-earlier
| 2| 7| 4| 3|10|12|13| 8|11| 1| 9|15| 6| 5|14|16|
| 1|12| 6|10| 9|11| 3| 5| 2|14| 7|16| 4|13| 8|15|
| 5| 9| 8|16|15| 2| 7|14| 6| 4|13|12| 3|10| 1|11|
|15|13|11|14|16| 1| 6| 4| 5|10| 3| 8| 9| 7| 2|12|
+-----+-----+-----+
|11|10| 1|12| 5|16|14| 7| 8| 6| 4| 3| 2|15| 9|13|
|13| 2| 3| 7| 6|10|15| 1|12| 5|14| 9|11| 4|16| 8|
|14| 6|16|15| 4| 8| 9| 3|13|11| 2| 7|10| 1|12| 5|
| 9| 4| 5| 8|11|13|12| 2| 1|15|16|10| 7|14| 6| 3|
+-----+-----+-----+
|12|14|15|13| 2| 3| 5| 9|10|16|11| 6| 1| 8| 7| 4|
| 7| 1| 9| 4| 8| 6|16|11|15| 3|12|13|14| 2| 5|10|
|16| 3| 2| 6|12|14| 1|10| 4| 7| 8| 5|15|11|13| 9|
| 8|11|10| 5| 7|15| 4|13|14| 9| 1| 2|16|12| 3| 6|
+-----+-----+-----+
|10| 5|12| 9|13| 4|11|16| 7| 2| 6| 1| 8| 3|15|14|
| 4| 8|14| 1| 3| 5| 2| 6| 9|12|15|11|13|16|10| 7|
| 6|16|13|11| 1| 7|10|15| 3| 8| 5|14|12| 9| 4| 2|
| 3|15| 7| 2|14| 9| 8|12|16|13|10| 4| 5| 6|11| 1|

evil-4
{4, 0, 0, 14, 0, 0, 0, 16, 0, 3, 7, 13, 0, 12, 5, 0},
{0, 15, 0, 0, 0, 0, 0, 0, 0, 0, 11, 10, 0, 0, 7, 0},
{0, 0, 2, 3, 0, 0, 0, 0, 0, 12, 4, 0, 0, 0, 1, 16},
{16, 8, 0, 0, 0, 0, 0, 0, 0, 0, 0, 6, 14, 10, 13, 0},
{0, 0, 6, 2, 13, 0, 0, 0, 0, 0, 5, 3, 0, 0, 12, 0},
{7, 1, 14, 13, 3, 0, 10, 12, 0, 0, 6, 2, 4, 5, 16, 0},
{0, 9, 0, 16, 0, 2, 0, 0, 15, 0, 0, 0, 0, 11, 0, 7},
{15, 3, 11, 0, 5, 1, 0, 0, 0, 7, 0, 14, 0, 2, 0, 6},
{0, 0, 0, 0, 2, 16, 8, 0, 0, 11, 0, 0, 7, 4, 0, 9},
{0, 0, 1, 0, 0, 0, 12, 11, 2, 0, 8, 7, 0, 13, 10, 3},
{0, 12, 0, 8, 0, 0, 0, 13, 3, 0, 0, 0, 0, 16, 0, 0},
{9, 2, 4, 0, 7, 6, 3, 0, 10, 0, 0, 0, 0, 8, 11, 12},
{0, 10, 16, 0, 12, 4, 14, 3, 0, 2, 0, 0, 0, 0, 9, 0},
{0, 0, 0, 0, 0, 8, 0, 0, 0, 5, 3, 0, 0, 14, 4, 0},
{0, 5, 15, 0, 10, 0, 0, 9, 0, 14, 0, 0, 11, 7, 0, 0},
{2, 14, 8, 0, 0, 0, 5, 0, 0, 0, 1, 0, 0, 0, 0, 0}};

sol-evil-4
| 4|11|10|14| 1|15| 9|16| 8| 3| 7|13| 6|12| 5| 2|
| 5|15|13| 1| 8|12| 2| 6|14|16|11|10| 3| 9| 7| 4|
| 6| 7| 2| 3|11|14|13|10| 9|12| 4| 5| 8|15| 1|16|
|16| 8|12| 9| 4| 3| 7| 5| 1|15| 2| 6|14|10|13|11|
--+-----+-----+--+-----+-----+
| 8| 4| 6| 2|13| 7|11|15|16| 9| 5| 3|10| 1|12|14|
| 7| 1|14|13| 3| 9|10|12|11| 8| 6| 2| 4| 5|16|15|
|12| 9| 5|16|14| 2| 6| 8|15| 1|10| 4|13|11| 3| 7|
|15| 3|11|10| 5| 1|16| 4|12| 7|13|14| 9| 2| 8| 6|
--+-----+-----+--+-----+-----+
|10|13| 3|15| 2|16| 8| 1| 5|11|14|12| 7| 4| 6| 9|
|14|16| 1| 6| 9| 5|12|11| 2| 4| 8| 7|15|13|10| 3|
|11|12| 7| 8|15|10| 4|13| 3| 6| 9| 1| 2|16|14| 5|
| 9| 2| 4| 5| 7| 6| 3|14|10|13|16|15| 1| 8|11|12|
--+-----+-----+--+-----+-----+
|13|10|16|11|12| 4|14| 3| 7| 2|15| 8| 5| 6| 9| 1|
| 1| 6| 9| 7|16| 8|15| 2|13| 5| 3|11|12|14| 4|10|
| 3| 5|15| 4|10|13| 1| 9| 6|14|12|16|11| 7| 2| 8|
| 2|14| 8|12| 6|11| 5| 7| 4|10| 1| 9|16| 3|15|13|


a-new-evil
{{15, 0, 5, 0, 0, 14, 0, 0, 0, 0, 13, 2, 0, 0, 0, 16},
{0, 7, 0, 16, 12, 0, 0, 0, 14, 0, 0, 0, 0, 15, 8, 0},
{0, 0, 12, 4, 0, 0, 0, 7, 0, 0, 8, 0, 0, 10, 0, 9},
{0, 10, 0, 0, 0, 8, 0, 16, 0, 6, 7, 0, 1, 0, 0, 0},
{7, 0, 0, 0, 1, 0, 13, 0, 0, 14, 11, 12, 5, 0, 0, 0},
{0, 0, 0, 8, 4, 0, 0, 0, 0, 0, 0, 9, 12, 0, 0, 14},
{5, 0, 15, 2, 0, 0, 0, 0, 0, 0, 0, 0, 9, 0, 0, 11},
{0, 14, 0, 0, 2, 5, 0, 9, 0, 0, 0, 0, 0, 4, 0, 7},
{0, 0, 0, 12, 16, 9, 11, 13, 0, 0, 0, 0, 2, 0, 0, 15},
{0, 1, 16, 7, 0, 0, 0, 0, 0, 0, 0, 6, 4, 0, 3, 10},
{0, 0, 0, 0, 0, 12, 0, 0, 0, 1, 10, 0, 0, 16, 14, 13},
{0, 0, 13, 0, 0, 0, 4, 0, 2, 5, 0, 3, 7, 0, 0, 0},
{0, 3, 0, 0, 5, 13, 0, 0, 0, 0, 0, 11, 14, 0, 0, 0},
{0, 13, 0, 0, 0, 0, 15, 0, 1, 12, 0, 0, 0, 0, 0, 0},
{2, 0, 11, 0, 0, 3, 12, 0, 9, 0, 0, 0, 0, 0, 0, 0},
{1, 0, 8, 0, 0, 16, 0, 0, 7, 2, 6, 0, 10, 0, 11, 0}};

soln-a-new-evil
+-----+-----+-----+
|15| 8| 5| 1| 9|14| 6| 3|12|10|13| 2|11| 7| 4|16|
| 3| 7| 6|16|12| 4|10| 1|14|11| 9| 5|13|15| 8| 2|
|14|11|12| 4|13|15| 2| 7|16| 3| 8| 1| 6|10| 5| 9|
| 9|10| 2|13|11| 8| 5|16|15| 6| 7| 4| 1|14|12| 3|
--+-----+-----+
| 7| 9| 4| 3| 1|10|13|15| 6|14|11|12| 5| 2|16| 8|
|13|16|10| 8| 4| 6| 3|11| 5| 7| 2| 9|12| 1|15|14|
| 5| 6|15| 2| 8| 7|14|12| 3| 4| 1|16| 9|13|10|11|
|12|14| 1|11| 2| 5|16| 9| 8|13|15|10| 3| 4| 6| 7|
--+-----+-----+
|10| 5| 3|12|16| 9|11|13| 4| 8|14| 7| 2| 6| 1|15|
|11| 1|16| 7|15| 2| 8|14|13| 9|12| 6| 4| 5| 3|10|
| 4| 2| 9| 6| 3|12| 7| 5|11| 1|10|15| 8|16|14|13|
| 8|15|13|14| 6| 1| 4|10| 2| 5|16| 3| 7|11| 9|12|
--+-----+-----+
|16| 3| 7| 9| 5|13| 1| 8|10|15| 4|11|14|12| 2| 6|
| 6|13|14| 5|10|11|15| 2| 1|12| 3| 8|16| 9| 7| 4|
| 2| 4|11|10| 7| 3|12| 6| 9|16| 5|14|15| 8|13| 1|
| 1|12| 8|15|14|16| 9| 4| 7| 2| 6|13|10| 3|11| 5|


ANOTHER-NEW
{{0, 15, 0, 0, 3, 4, 0, 0, 0, 0, 13, 0, 0, 0, 0, 9},
{0, 0, 6, 10, 0, 0, 15, 14, 0, 0, 11, 0, 0, 12, 0, 8},
{4, 13, 5, 2, 6, 0, 9, 0, 0, 15, 0, 0, 0, 0, 1, 0},
{0, 14, 9, 0, 16, 7, 0, 0, 5, 0, 0, 2, 0, 0, 4, 0},
{10, 0, 0, 0, 7, 0, 0, 0, 0, 0, 0, 0, 0, 0, 0, 0},
{14, 0, 0, 9, 0, 16, 0, 6, 0, 0, 0, 8, 0, 4, 2, 0},
{16, 0, 0, 0, 0, 0, 0, 15, 13, 0, 12, 6, 0, 0, 3, 0},
{3, 0, 0, 0, 5, 0, 0, 0, 16, 14, 0, 15, 0, 0, 0, 0},
{0, 0, 0, 1, 15, 0, 0, 0, 0, 0, 0, 13, 0, 0, 0, 12},
{0, 0, 0, 0, 2, 5, 7, 10, 8, 0, 0, 12, 0, 0, 13, 11},
{6, 2, 0, 0, 0, 0, 1, 0, 11, 16, 0, 0, 0, 3, 0, 4},
{0, 4, 0, 11, 13, 0, 0, 8, 0, 0, 10, 0, 14, 0, 0, 2},
{0, 0, 15, 5, 0, 0, 2, 3, 0, 0, 0, 0, 0, 0, 0, 0},
{0, 3, 0, 8, 0, 0, 16, 0, 0, 4, 0, 0, 0, 15, 9, 0},
{12, 0, 0, 14, 0, 0, 0, 0, 2, 0, 15, 0, 6, 11, 0, 3},
{0, 0, 4, 0, 11, 0, 5, 0, 0, 0, 0, 10, 0, 7, 0, 13}};

SOLN-ANOTHER-NEW
| 1|15| 8|12| 3| 4|10| 5|14| 6|13|16| 7| 2|11| 9|
| 7|16| 6|10| 1| 2|15|14| 4| 9|11| 3|13|12| 5| 8|
| 4|13| 5| 2| 6|12| 9|11|10|15| 8| 7| 3|14| 1|16|
|11|14| 9| 3|16| 7| 8|13| 5|12| 1| 2|15|10| 4| 6|
--+-----+-----+
|10| 6| 1|15| 7| 8| 3| 2| 9|11| 5| 4|12|13|16|14|
|14|12|13| 9|10|16|11| 6| 1| 7| 3| 8| 5| 4| 2|15|
|16| 5| 2| 4| 9| 1|14|15|13|10|12| 6|11| 8| 3| 7|
| 3| 8|11| 7| 5|13|12| 4|16|14| 2|15|10| 9| 6| 1|
--+-----+-----+
| 8| 7| 3| 1|15|11| 4|16| 6| 2|14|13| 9| 5|10|12|
|15| 9|14|16| 2| 5| 7|10| 8| 3| 4|12| 1| 6|13|11|
| 6| 2|10|13|12|14| 1| 9|11|16| 7| 5| 8| 3|15| 4|
| 5| 4|12|11|13| 3| 6| 8|15| 1|10| 9|14|16| 7| 2|
--+-----+-----+
| 9|11|15| 5| 8| 6| 2| 3| 7|13|16|14| 4| 1|12|10|
|13| 3| 7| 8|14|10|16| 1|12| 4| 6|11| 2|15| 9| 5|
|12|10|16|14| 4| 9|13| 7| 2| 5|15| 1| 6|11| 8| 3|
| 2| 1| 4| 6|11|15| 5|12| 3| 8| 9|10|16| 7|14|13|