 | 2| 7| 4| 3|10|12|13| 8|11| 1| 9|15| 6| 5|14|16|
 | 1|12| 6|10| 9|11| 3| 5| 2|14| 7|16| 4|13| 8|15|
 | 5| 9| 8|16|15| 2| 7|14| 6| 4|13|12| 3|10| 1|11|
 |15|13|11|14|16| 1| 6| 4| 5|10| 3| 8| 9| 7| 2|12|
 +-----+-----+-----+
 |11|10| 1|12| 5|16|14| 7| 8| 6| 4| 3| 2|15| 9|13|
 |13| 2| 3| 7| 6|10|15| 1|12| 5|14| 9|11| 4|16| 8|
 |14| 6|16|15| 4| 8| 9| 3|13|11| 2| 7|10| 1|12| 5|
 | 9| 4| 5| 8|11|13|12| 2| 1|15|16|10| 7|14| 6| 3|
 +-----+-----+-----+
 |12|14|15|13| 2| 3| 5| 9|10|16|11| 6| 1| 8| 7| 4|
 | 7| 1| 9| 4| 8| 6|16|11|15| 3|12|13|14| 2| 5|10|
 |16| 3| 2| 6|12|14| 1|10| 4| 7| 8| 5|15|11|13| 9|
 | 8|11|10| 5| 7|15| 4|13|14| 9| 1| 2|16|12| 3| 6|
 +-----+-----+-----+
 |10| 5|12| 9|13| 4|11|16| 7| 2| 6| 1| 8| 3|15|14|
 | 4| 8|14| 1| 3| 5| 2| 6| 9|12|15|11|13|16|10| 7|
 | 6|16|13|11| 1| 7|10|15| 3| 8| 5|14|12| 9| 4| 2|
 | 3|15| 7| 2|14| 9| 8|12|16|13|10| 4| 5| 6|11| 1|
 
 {{0, 0, 0, 0, 0, 0, 0, 12, 0, 7, 0, 0, 0, 0, 0, 13},
 {3, 0, 0, 0, 0, 14, 15, 0, 0, 13, 0, 5, 16, 6, 10, 0},
 {11, 14, 0, 0, 7, 1, 9, 0, 0, 3, 15, 0, 0, 4, 12, 0},
 {0, 0, 0, 0, 0, 13, 2, 0, 4, 9, 0, 0, 0, 0, 1, 0},
 {0, 15, 1, 0, 0, 0, 0, 0, 10, 0, 11, 0, 0, 9, 0, 7},
 {16, 0, 3, 0, 0, 6, 5, 1, 9, 0, 7, 0, 0, 0, 0, 2},
 {13, 0, 0, 14, 0, 12, 0, 0, 0, 0, 0, 6, 0, 0, 5, 0},
 {8, 0, 0, 2, 0, 0, 3, 7, 0, 4, 0, 0, 0, 12, 14, 0},
 {9, 0, 0, 0, 0, 2, 0, 11, 6, 0, 1, 0, 0, 0, 0, 0},
 {15, 2, 12, 0, 0, 5, 0, 3, 0, 14, 0, 0, 9, 0, 6, 1},
 {0, 0, 0, 5, 9, 0, 0, 0, 2, 8, 0, 3, 0, 0, 0, 0},
 {0, 0, 14, 0, 0, 0, 0, 0, 0, 12, 0, 15, 3, 0, 0, 0},
 {0, 0, 0, 0, 0, 0, 1, 0, 0, 0, 0, 0, 10, 3, 2, 0},
 {0, 0, 11, 0, 12, 3, 0, 0, 13, 0, 0, 0, 0, 0, 15, 5},
 {0, 6, 0, 3, 2, 4, 0, 0, 7, 0, 0, 0, 0, 16, 0, 0},
 {0, 1, 15, 0, 13, 0, 11, 16, 12, 10, 0, 0, 6, 8, 7, 0}};
 
 {{2,0,16,0,0,0,0,9,6,0,0,0,1,10,8,0},
 {5,0,0,13,11,0,0,6,0,0,0,0,0,0,0,0},
 {12,9,15,0,0,16,13,4,0,0,5,1,6,0,0,3},
 {0,3,0,14,0,0,15,7,9,0,0,10,0,12,0,16},
 {13,10,0,0,15,1,0,0,0,0,0,3,0,11,16,9},
 {7,11,0,0,16,0,8,14,0,0,6,0,0,0,12,0},
 {0,0,12,0,0,6,4,11,7,1,0,9,2,0,14,0},
 {8,0,0,0,0,3,2,0,12,0,11,0,0,13,0,0},
 {16,0,0,0,0,0,11,0,0,0,0,15,0,0,0,7},
 {9,2,0,7,3,0,12,8,16,6,10,11,0,0,0,0},
 {15,0,0,0,0,10,0,0,0,2,9,0,0,0,13,11},
 {1,0,0,4,7,0,9,0,0,14,0,13,12,0,0,0},
 {14,0,0,9,0,8,6,15,0,16,0,0,0,7,4,12},
 {0,0,0,0,4,0,0,3,0,5,0,6,16,9,0,8},
 {0,0,0,8,2,0,16,0,0,0,1,0,10,6,0,14},
 {4,0,6,16,0,0,0,0,15,12,0,0,0,0,3,2}};
 
 this one for comparision
 {{0,0,0,0,12,0,3,9,0,7,15,14,1,0,0,13},
 {5,0,0,0,0,0,0,0,0,0,0,0,0,0,2,15},
 {12,0,0,10,0,16,0,4,0,11,0,1,0,0,0,0},
 {0,3,8,0,0,2,15,0,0,13,0,0,5,12,11,16},
 {0,10,0,0,0,0,7,0,0,0,0,3,0,11,16,9},
 {7,11,0,2,0,9,0,14,13,10,6,0,0,0,0,0},
 {3,0,0,15,13,0,0,0,0,1,0,9,2,0,14,10},
 {0,14,0,0,10,3,0,0,0,0,0,0,7,0,0,4},
 {0,0,0,5,14,13,11,1,4,8,0,15,0,0,9,7},
 {0,2,0,0,3,4,0,0,16,6,0,0,0,15,0,0},
 {15,12,0,0,6,0,0,0,1,0,9,0,4,8,0,0},
 {0,8,11,0,7,15,9,0,0,14,3,0,0,0,0,6},
 {0,0,0,9,0,8,6,0,0,16,13,0,11,0,0,12},
 {10,0,2,12,4,0,1,3,11,0,0,0,16,9,15,0},
 {11,0,7,8,2,0,16,0,0,9,0,0,0,0,0,0},
 {0,0,0,16,9,0,0,10,15,0,0,0,0,1,3,0}};
 
 {0,0,0,9,19,0,0,0,15,0,12,25,0,18,0,0,0,0,0,16,0,11,14,0,17},
 {7,0,15,18,0,0,0,5,0,6,0,0,24,2,20,8,1,19,23,0,0,0,0,0,4},
 {0,0,6,0,21,0,1,9,2,14,0,23,0,0,0,7,0,17,24,0,0,19,0,0,12},
 {4,11,0,23,0,20,0,0,7,0,13,5,17,14,0,0,2,0,0,12,0,0,0,24,25},
 {0,2,0,0,0,19,24,0,0,16,1,0,0,7,4,11,0,0,22,0,0,21,0,0,0},
 {0,22,0,4,10,23,14,0,0,0,25,16,0,11,0,17,0,0,0,0,0,24,0,21,0},
 {19,25,21,6,0,0,0,0,5,0,2,0,0,9,0,0,0,0,12,0,13,0,0,0,16},
 {15,8,0,0,0,0,9,13,6,0,18,0,4,0,0,2,20,0,1,0,0,0,0,0,0},
 {0,7,9,14,0,15,16,21,0,0,22,0,0,0,0,0,0,13,0,10,0,25,6,0,0},
 {0,0,23,0,0,0,8,0,0,0,0,0,0,0,0,0,19,14,0,0,0,0,0,1,10},
 {0,24,0,17,8,0,18,1,0,3,0,0,22,0,0,15,0,0,2,0,0,0,0,0,21},
 {23,3,0,5,0,9,0,10,0,0,20,21,2,0,0,0,0,4,0,11,6,0,18,0,0},
 {0,0,0,11,1,8,23,0,22,0,3,0,16,6,0,0,10,0,0,18,0,12,7,0,2},
 {0,0,0,0,0,6,25,12,0,2,0,0,0,0,0,1,7,3,19,0,0,0,5,0,0},
 {20,18,0,0,0,0,0,17,24,0,7,0,0,5,12,0,0,0,0,0,14,4,0,8,0},
 {0,10,20,0,0,0,0,18,0,0,0,17,1,0,23,0,0,0,0,22,11,14,2,0,0},
 {17,0,13,0,0,25,0,0,0,0,9,18,0,0,21,12,11,1,0,7,0,3,4,0,20},
 {0,0,8,0,5,0,0,0,0,0,0,0,3,0,7,0,16,0,21,0,25,10,0,18,6},
 {11,0,0,0,24,22,12,0,23,0,6,0,14,0,8,0,9,2,0,0,0,17,0,16,15},
 {14,0,16,2,15,0,0,8,0,4,0,10,12,0,0,0,25,0,0,20,0,22,0,0,1},
 {18,0,0,0,0,0,0,22,0,23,14,0,20,0,0,0,0,0,0,2,7,9,0,0,0},
 {24,0,4,0,25,0,0,0,0,7,10,0,0,15,0,21,0,0,0,9,0,8,23,0,0},
 {10,0,12,0,22,0,3,0,0,0,23,0,19,8,0,20,14,16,0,5,0,6,21,0,0},
 {0,19,0,0,7,10,0,0,0,0,21,0,0,0,0,18,6,0,0,1,0,13,0,0,0},
 {0,21,0,0,0,5,11,0,0,0,0,3,0,0,18,4,17,0,0,0,22,0,0,0,0}};
 
 a, e, y, 9, 19, d, w, x, 15, h, 12, 25, v, 18, f, c, m, u, j, 16, b, 11, 14, g, 17
 7, r, 15, 18, o, v, m, 5, l, 6, k, w, 24, 2, 20, 8, 1, 19, 23, n, j, p, c, i, 4
 h, u, 6, n, 21, k, 1, 9, 2, 14, q, 23, j, c, p, 7, s, 17, 24, d, e, 19, w, m, 12
 4, 11, w, 23, p, 20, j, c, 7, s, 13, 5, 17, 14, t, i, 2, v, f, 12, a, q, h, 24, 25
 l, 2, c, j, m, 19, 24, n, r, 16, 1, h, i, 7, 4, 11, e, q, 22, o, x, 21, u, f, s
 e, 22, a, 4, 10, 23, 14, b, t, u, 25, 16, g, 11, m, 17, c, f, s, h, q, 24, l, 21, i
 19, 25, 21, 6, u, c, d, k, 5, j, 2, q, h, 9, a, w, x, g, 12, y, 13, s, r, o, 16
 15, 8, k, p, r, y, 9, 13, 6, l, 18, o, 4, j, e, 2, 20, n, 1, v, c, g, t, w, x
 c, 7, 9, 14, s, 15, 16, 21, a, r, 22, t, x, l, y, e, d, 13, k, 10, u, 25, 6, b, h
 m, l, 23, y, b, s, 8, g, n, w, r, u, f, v, c, p, 19, 14, i, q, d, e, k, 1, 10
 f, 24, g, 17, 8, o, 18, 1, u, 3, d, k, 22, t, j, 15, l, e, 2, m, i, x, p, n, 21
 23, 3, n, 5, l, 9, g, 10, m, q, 20, 21, 2, r, o, y, h, 4, p, 11, 6, a, 18, t, w
 v, m, t, 11, 1, 8, 23, d, 22, e, 3, y, 16, 6, n, o, 10, i, u, 18, r, 12, 7, q, 2
 p, o, j, w, d, 6, 25, 12, v, 2, h, i, s, x, q, 1, 7, 3, 19, r, y, u, 5, k, m
 20, 18, b, q, i, p, t, 17, 24, k, 7, a, m, 5, 12, x, v, w, n, f, 14, 4, j, 8, c
 n, 10, 20, v, c, m, e, 18, i, t, y, 17, 1, p, 23, f, q, h, d, 22, 11, 14, 2, l, g
 17, x, 13, t, f, 25, b, p, j, y, 9, 18, q, w, 21, 12, 11, 1, o, 7, h, 3, 4, e, 20
 w, d, 8, l, 5, r, q, o, k, a, t, b, 3, u, 7, m, 16, y, 21, x, 25, 10, i, 18, 6
 11, a, s, g, 24, 22, 12, u, 23, v, 6, d, 14, n, 8, j, 9, 2, e, c, t, 17, m, 16, 15
 14, i, 16, 2, 15, g, f, 8, c, 4, e, 10, 12, m, k, t, 25, s, r, 20, v, 22, y, x, 1
 18, f, e, h, k, l, v, 22, p, 23, 14, m, 20, d, r, n, y, j, q, 2, 7, 9, a, c, t
 24, p, 4, m, 25, a, r, t, s, 7, 10, f, e, 15, b, 21, w, k, c, 9, l, 8, 23, u, o
 10, q, 12, a, 22, b, 3, y, d, n, 23, g, 19, 8, i, 20, 14, 16, m, 5, s, 6, 21, r, k
 b, 19, r, c, 7, 10, u, q, o, i, 21, l, k, y, w, 18, 6, x, h, 1, p, 13, n, d, e
 i, 21, o, u, x, 5, 11, f, h, m, p, 3, n, a, 18, 4, 17, l, g, t, 22, b, q, j, y
 
 
 
 {{0, 23, 0, 0, 0, 12, 5, 9, 8, 13, 7, 0, 0, 21, 24, 4, 3, 16, 0, 0, 0, 19, 0, 6, 15},
 {0, 0, 4, 0, 9, 14, 24, 0, 22, 21, 20, 23, 0, 10, 0, 15, 0, 13, 18, 8, 0, 0, 0, 12, 25},
 {5, 20, 0, 0, 0, 0, 0, 10, 0, 23, 15, 0, 0, 0, 0, 0, 0, 0, 0, 7, 2, 0, 1, 11, 0},
 {0, 0, 19, 11, 0, 0, 1, 2, 0, 0, 0, 22, 5, 0, 25, 17, 0, 0, 0, 0, 14, 9, 0, 0, 20},
 {0, 0, 21, 0, 12, 0, 4, 0, 20, 3, 9, 19, 0, 0, 6, 1, 0, 11, 0, 2, 8, 24, 0, 7, 0},
 {0, 0, 0, 23, 0, 3, 25, 0, 0, 0, 0, 0, 0, 17, 0, 24, 11, 0, 7, 0, 0, 0, 0, 0, 0},
 {11, 0, 1, 17, 0, 0, 0, 0, 0, 0, 13, 12, 0, 0, 0, 0, 4, 0, 14, 18, 0, 0, 0, 0, 8},
 {4, 18, 0, 0, 0, 23, 15, 0, 17, 24, 10, 0, 14, 0, 0, 21, 0, 1, 2, 0, 0, 0, 25, 0, 6},
 {0, 0, 0, 0, 0, 0, 0, 8, 0, 18, 0, 4, 9, 24, 21, 3, 20, 19, 0, 15, 0, 5, 0, 0, 0},
 {21, 15, 5, 9, 0, 13, 6, 0, 0, 0, 0, 0, 0, 0, 11, 25, 23, 8, 0, 0, 0, 0, 0, 0, 0},
 {0, 0, 0, 16, 2, 20, 0, 12, 24, 7, 25, 0, 4, 23, 0, 8, 0, 9, 0, 6, 0, 14, 22, 0, 3},
 {0, 3, 18, 0, 23, 0, 0, 1, 0, 14, 5, 0, 24, 0, 7, 0, 0, 0, 0, 0, 0, 11, 21, 0, 0},
 {25, 0, 0, 0, 1, 6, 23, 17, 13, 0, 0, 0, 0, 15, 0, 12, 5, 18, 20, 0, 0, 0, 24, 10, 7},
 {14, 22, 0, 0, 0, 21, 0, 3, 4, 0, 0, 18, 16, 8, 0, 0, 2, 0, 0, 0, 0, 0, 0, 0, 0},
 {0, 21, 0, 0, 0, 9, 8, 0, 0, 0, 6, 0, 12, 0, 0, 14, 1, 0, 13, 11, 16, 0, 0, 25, 0},
 {0, 0, 0, 8, 6, 19, 20, 0, 0, 0, 0, 0, 0, 11, 23, 7, 0, 0, 0, 0, 3, 12, 0, 18, 0},
 {0, 13, 16, 0, 0, 5, 0, 0, 0, 22, 14, 21, 0, 0, 0, 11, 0, 0, 12, 0, 7, 0, 0, 23, 17},
 {0, 0, 22, 1, 0, 0, 0, 0, 0, 0, 4, 0, 10, 0, 0, 0, 6, 0, 0, 17, 0, 0, 20, 21, 0},
 {17, 11, 0, 5, 15, 7, 16, 0, 0, 0, 19, 0, 0, 12, 0, 13, 18, 14, 1, 21, 9, 8, 0, 24, 0},
 {9, 7, 2, 0, 21, 0, 0, 0, 0, 0, 0, 17, 13, 1, 3, 0, 0, 0, 0, 19, 0, 25, 11, 0, 0},
 {2, 0, 0, 22, 0, 1, 0, 23, 9, 8, 0, 0, 19, 0, 0, 0, 21, 0, 0, 0, 0, 0, 0, 3, 24},
 {0, 0, 25, 14, 4, 0, 19, 15, 18, 11, 8, 24, 0, 0, 0, 0, 0, 3, 0, 0, 0, 7, 10, 2, 0},
 {24, 0, 23, 21, 0, 2, 22, 0, 0, 0, 3, 15, 17, 18, 10, 0, 12, 0, 0, 1, 19, 0, 6, 0, 16},
 {13, 12, 15, 10, 0, 24, 14, 4, 0, 5, 0, 25, 0, 22, 0, 20, 0, 23, 0, 0, 0, 0, 8, 0, 0},
 {8, 16, 9, 18, 0, 0, 0, 13, 0, 10, 0, 0, 0, 0, 0, 22, 0, 0, 0, 14, 20, 15, 0, 0, 0}};
 
 a, 23, q, y, n, 12, 5, 9, 8, 13, 7, k, b, 21, 24, 4, 3, 16, v, t, j, 19, r, 6, 15
 f, b, 4, g, 9, 14, 24, k, 22, 21, 20, 23, a, 10, q, 15, s, 13, 18, 8, e, c, p, 12, 25
 5, 20, m, x, p, r, q, 10, s, 23, 15, h, c, d, n, f, i, l, y, 7, 2, u, 1, 11, v
 c, h, 19, 11, r, o, 1, 2, g, f, l, 22, 5, p, 25, 17, x, u, j, w, 14, 9, m, d, 20
 v, j, 21, o, 12, y, 4, p, 20, 3, 9, 19, r, m, 6, 1, n, 11, e, 2, 8, 24, q, 7, w
 s, n, t, 23, m, 3, 25, e, p, a, v, b, h, 17, r, 24, 11, f, 7, l, u, j, i, o, d
 11, x, 1, 17, g, v, u, s, b, i, 13, 12, f, y, o, j, 4, e, 14, 18, w, t, c, p, 8
 4, 18, l, c, h, 23, 15, t, 17, 24, 10, g, 14, e, p, 21, m, 1, 2, i, k, v, 25, s, 6
 p, y, f, b, v, k, g, 8, j, 18, w, 4, 9, 24, 21, 3, 20, 19, q, 15, l, 5, n, m, a
 21, 15, 5, 9, j, 13, 6, n, l, d, a, c, t, s, 11, 25, 23, 8, p, v, x, r, g, q, b
 o, q, k, 16, 2, 20, r, 12, 24, 7, 25, a, 4, 23, s, 8, j, 9, u, 6, m, 14, 22, e, 3
 l, 3, 18, f, 23, j, b, 1, o, 14, 5, m, 24, t, 7, s, p, v, d, y, q, 11, 21, h, i
 25, i, h, s, 1, 6, 23, 17, 13, p, u, n, k, 15, v, 12, 5, 18, 20, c, d, b, 24, 10, 7
 14, 22, j, m, e, 21, k, 3, 4, y, q, 18, 16, 8, i, w, 2, g, o, x, a, f, l, t, s
 g, 21, x, d, t, 9, 8, v, e, s, 6, j, 12, c, b, 14, 1, q, 13, 11, 16, w, o, 25, r
 j, d, n, 8, 6, 19, 20, u, a, q, x, p, o, 11, 23, 7, v, y, i, e, 3, 12, b, 18, m
 r, 13, 16, t, x, 5, i, f, c, 22, 14, 21, y, b, h, 11, o, j, 12, d, 7, a, s, 23, 17
 w, s, 22, 1, y, h, m, r, k, l, 4, i, 10, g, e, b, 6, x, c, 17, o, p, 20, 21, n
 17, 11, c, 5, 15, 7, 16, y, w, b, 19, f, v, 12, t, 13, 18, 14, 1, 21, 9, 8, d, 24, j
 9, 7, 2, l, 21, d, j, x, n, o, r, 17, 13, 1, 3, p, h, t, w, 19, f, 25, 11, v, e
 2, f, g, 22, q, 1, l, 23, 9, 8, p, t, 19, n, m, r, 21, o, k, j, y, d, e, 3, 24
 t, a, 25, 14, 4, p, 19, 15, 18, 11, 8, 24, w, i, l, e, q, 3, f, m, v, 7, 10, 2, u
 24, e, 23, 21, k, 2, 22, g, y, t, 3, 15, 17, 18, 10, i, 12, d, h, 1, 19, m, 6, n, 16
 13, 12, 15, 10, c, 24, 14, 4, f, 5, b, 25, u, 22, a, 20, g, 23, s, p, r, q, 8, i, k
 8, 16, 9, 18, s, q, c, 13, u, 10, k, e, g, f, d, 22, y, b, x, 14, 20, 15, w, a, l
 
 
 {{0, 0, 0, 9, 20, 0, 0, 0, 17, 0, 12, 14, 0, 19, 0, 0, 0, 0, 0, 16, 0, 11, 15, 0, 18},
 {7, 0, 17, 19, 0, 0, 0, 5, 0, 6, 0, 0, 25, 2, 21, 8, 1, 20, 24, 0, 0, 0, 0, 0, 4},
 {0, 0, 6, 0, 22, 0, 1, 9, 2, 15, 0, 24, 0, 0, 0, 7, 0, 18, 25, 0, 0, 20, 0, 0, 12},
 {4, 11, 0, 24, 0, 21, 0, 0, 7, 0, 13, 5, 18, 15, 0, 0, 2, 0, 0, 12, 0, 0, 0, 25, 14},
 {0, 2, 0, 0, 0, 20, 25, 0, 0, 16, 1, 0, 0, 7, 4, 11, 0, 0, 23, 0, 0, 22, 0, 0, 0},
 {0, 23, 0, 4, 10, 24, 15, 0, 0, 0, 14, 16, 0, 11, 0, 18, 0, 0, 0, 0, 0, 25, 0, 22, 0},
 {20, 14, 22, 6, 0, 0, 0, 0, 5, 0, 2, 0, 0, 9, 0, 0, 0, 0, 12, 0, 13, 0, 0, 0, 16},
 {17, 8, 0, 0, 0, 0, 9, 13, 6, 0, 19, 0, 4, 0, 0, 2, 21, 0, 1, 0, 0, 0, 0, 0, 0},
 {0, 7, 9, 15, 0, 17, 16, 22, 0, 0, 23, 0, 0, 0, 0, 0, 0, 13, 0, 10, 0, 14, 6, 0, 0},
 {0, 0, 24, 0, 0, 0, 8, 0, 0, 0, 0, 0, 0, 0, 0, 0, 20, 15, 0, 0, 0, 0, 0, 1, 10},
 {0, 25, 0, 18, 8, 0, 19, 1, 0, 3, 0, 0, 23, 0, 0, 17, 0, 0, 2, 0, 0, 0, 0, 0, 22},
 {24, 3, 0, 5, 0, 9, 0, 10, 0, 0, 21, 22, 2, 0, 0, 0, 0, 4, 0, 11, 6, 0, 19, 0, 0},
 {0, 0, 0, 11, 1, 8, 24, 0, 23, 0, 3, 0, 16, 6, 0, 0, 10, 0, 0, 19, 0, 12, 7, 0, 2},
 {0, 0, 0, 0, 0, 6, 14, 12, 0, 2, 0, 0, 0, 0, 0, 1, 7, 3, 20, 0, 0, 0, 5, 0, 0},
 {21, 19, 0, 0, 0, 0, 0, 18, 25, 0, 7, 0, 0, 5, 12, 0, 0, 0, 0, 0, 15, 4, 0, 8, 0},
 {0, 10, 21, 0, 0, 0, 0, 19, 0, 0, 0, 18, 1, 0, 24, 0, 0, 0, 0, 23, 11, 15, 2, 0, 0},
 {18, 0, 13, 0, 0, 14, 0, 0, 0, 0, 9, 19, 0, 0, 22, 12, 11, 1, 0, 7, 0, 3, 4, 0, 21},
 {0, 0, 8, 0, 5, 0, 0, 0, 0, 0, 0, 0, 3, 0, 7, 0, 16, 0, 22, 0, 14, 10, 0, 19, 6},
 {11, 0, 0, 0, 25, 23, 12, 0, 24, 0, 6, 0, 15, 0, 8, 0, 9, 2, 0, 0, 0, 18, 0, 16, 17},
 {15, 0, 16, 2, 17, 0, 0, 8, 0, 4, 0, 10, 12, 0, 0, 0, 14, 0, 0, 21, 0, 23, 0, 0, 1},
 {19, 0, 0, 0, 0, 0, 0, 23, 0, 24, 15, 0, 21, 0, 0, 0, 0, 0, 0, 2, 7, 9, 0, 0, 0},
 {25, 0, 4, 0, 14, 0, 0, 0, 0, 7, 10, 0, 0, 17, 0, 22, 0, 0, 0, 9, 0, 8, 24, 0, 0},
 {10, 0, 12, 0, 23, 0, 3, 0, 0, 0, 24, 0, 20, 8, 0, 21, 15, 16, 0, 5, 0, 6, 22, 0, 0},
 {0, 20, 0, 0, 7, 10, 0, 0, 0, 0, 22, 0, 0, 0, 0, 19, 6, 0, 0, 1, 0, 13, 0, 0, 0},
 {0, 22, 0, 0, 0, 5, 11, 0, 0, 0, 0, 3, 0, 0, 19, 4, 18, 0, 0, 0, 23, 0, 0, 0, 0}};
 
 a, e, y, 9, 20, d, w, x, 17, h, 12, 14, v, 19, f, c, m, u, j, 16, b, 11, 15, g, 18
 7, r, 17, 19, o, v, m, 5, l, 6, k, w, 25, 2, 21, 8, 1, 20, 24, n, j, p, c, i, 4
 h, u, 6, n, 22, k, 1, 9, 2, 15, q, 24, j, c, p, 7, s, 18, 25, d, e, 20, w, m, 12
 4, 11, w, 24, p, 21, j, c, 7, s, 13, 5, 18, 15, t, i, 2, v, f, 12, a, q, h, 25, 14
 l, 2, c, j, m, 20, 25, n, r, 16, 1, h, i, 7, 4, 11, e, q, 23, o, x, 22, u, f, s
 e, 23, a, 4, 10, 24, 15, b, t, u, 14, 16, g, 11, m, 18, c, f, s, h, q, 25, l, 22, i
 20, 14, 22, 6, u, c, d, k, 5, j, 2, q, h, 9, a, w, x, g, 12, y, 13, s, r, o, 16
 17, 8, k, p, r, y, 9, 13, 6, l, 19, o, 4, j, e, 2, 21, n, 1, v, c, g, t, w, x
 c, 7, 9, 15, s, 17, 16, 22, a, r, 23, t, x, l, y, e, d, 13, k, 10, u, 14, 6, b, h
 m, l, 24, y, b, s, 8, g, n, w, r, u, f, v, c, p, 20, 15, i, q, d, e, k, 1, 10
 f, 25, g, 18, 8, o, 19, 1, u, 3, d, k, 23, t, j, 17, l, e, 2, m, i, x, p, n, 22
 24, 3, n, 5, l, 9, g, 10, m, q, 21, 22, 2, r, o, y, h, 4, p, 11, 6, a, 19, t, w
 v, m, t, 11, 1, 8, 24, d, 23, e, 3, y, 16, 6, n, o, 10, i, u, 19, r, 12, 7, q, 2
 p, o, j, w, d, 6, 14, 12, v, 2, h, i, s, x, q, 1, 7, 3, 20, r, y, u, 5, k, m
 21, 19, b, q, i, p, t, 18, 25, k, 7, a, m, 5, 12, x, v, w, n, f, 15, 4, j, 8, c
 n, 10, 21, v, c, m, e, 19, i, t, y, 18, 1, p, 24, f, q, h, d, 23, 11, 15, 2, l, g
 18, x, 13, t, f, 14, b, p, j, y, 9, 19, q, w, 22, 12, 11, 1, o, 7, h, 3, 4, e, 21
 w, d, 8, l, 5, r, q, o, k, a, t, b, 3, u, 7, m, 16, y, 22, x, 14, 10, i, 19, 6
 11, a, s, g, 25, 23, 12, u, 24, v, 6, d, 15, n, 8, j, 9, 2, e, c, t, 18, m, 16, 17
 15, i, 16, 2, 17, g, f, 8, c, 4, e, 10, 12, m, k, t, 14, s, r, 21, v, 23, y, x, 1
 19, f, e, h, k, l, v, 23, p, 24, 15, m, 21, d, r, n, y, j, q, 2, 7, 9, a, c, t
 25, p, 4, m, 14, a, r, t, s, 7, 10, f, e, 17, b, 22, w, k, c, 9, l, 8, 24, u, o
 10, q, 12, a, 23, b, 3, y, d, n, 24, g, 20, 8, i, 21, 15, 16, m, 5, s, 6, 22, r, k
 b, 20, r, c, 7, 10, u, q, o, i, 22, l, k, y, w, 19, 6, x, h, 1, p, 13, n, d, e
 i, 22, o, u, x, 5, 11, f, h, m, p, 3, n, a, 19, 4, 18, l, g, t, 23, b, q, j, y
